[main]
debug = True
phone = +447769907533
boatname = Spindrift
wakeinnsecs = 2700
batteryokmvolts = 1100
sendstatus = False
dailystatus = 0800
lastdailystatuscheck = 2014-12-17 08:55:52.091333
alarmlat = 51.0137627778
alarmlon = -0.449611111167
alarmrange = 20

