[main]
debug = True
phone = +447769907533
boatname = Spindrift
wakeinnsecs = 900
batteryokmvolts = 1100
sendstatus = False
dailystatus = 0800
lastdailystatuscheck = 2014-12-20 09:25:49.846478
alarmlat = 51.0137236112
alarmlon = -0.449630277833
alarmrange = 20
regularstatus = False

