[main]
debug = False
phone = +447769907533
boatname = Spindrift
wakeinnsecs = 1740
sendstatus = False
dailystatus = 0730
alarmlat = 51.0137701666
alarmlon = -0.449676
alarmrange = 50
regularstatus = False
iteration = 303
lastruntime = 1970-01-01 00:00:27.229947
batteryokmvolts = 1100
lastdailystatuscheck = 2015-01-11 07:42:04.847750

