[main]
debug = True
phone = +447769907533
boatname = Spindrift
wakeinnsecs = 1800
batteryokmvolts = 1100
sendstatus = False
dailystatus = 1400
lastdailystatuscheck = 2014-12-14 14:10:17.079788
alarmlat = 51.0136416667
alarmlon = -0.44976708325
alarmrange = 35

